You Deserve Nothing and I Hope You Get Less,Witness,blessthefall,217.0,0.798,0.651,2009ø
With Eyes Wide Shut (Album Version),His Last Walk,blessthefall,173.4,0.798,0.651,2007ø
What's Left of Me,Witness,blessthefall,210.8,0.798,0.651,2009ø
We'll Sleep When We're Dead,Witness,blessthefall,251.8,0.798,0.651,2009ø
Wait For Tomorrow (Album Version),His Last Walk,blessthefall,205.7,0.798,0.651,2007ø
To Hell and Back,Witness,blessthefall,198.6,0.798,0.651,2009ø
Times Like These (Album Version),His Last Walk,blessthefall,247.1,0.798,0.651,2007ø
Stay Still,Witness,blessthefall,250.8,0.798,0.651,2009ø
Skinwalkers,Witness,blessthefall,238.9,0.798,0.651,2009ø
Rise Up [Acoustic],His Last Walk,blessthefall,249.8,0.798,0.651,2007ø
Rise Up (Album Version),His Last Walk,blessthefall,222.4,0.798,0.651,2007ø
Pray (Album Version),His Last Walk,blessthefall,258.4,0.798,0.651,2007ø
Last Ones Left,Witness,blessthefall,171.9,0.798,0.651,2009ø
I Wouldn't Quit If Everyone Quit - BONUS TRACK,His Last Walk,blessthefall,190.5,0.798,0.651,2007ø
Higinia (Album Version),His Last Walk,blessthefall,166.5,0.798,0.651,2007ø
Guys Like You Make Us Look Bad (Album Version),His Last Walk,blessthefall,235.7,0.798,0.651,2007ø
God Wears Gucci,Witness,blessthefall,233.9,0.798,0.651,2009ø
Five Ninety,Witness,blessthefall,230.0,0.798,0.651,2009ø
Could Tell A Love (Album Version),His Last Walk,blessthefall,171.3,0.798,0.651,2007ø
Black Rose Dying (Album Version),His Last Walk,blessthefall,243.9,0.798,0.651,2007ø
A Message To The Unknown (Album Version),His Last Walk,blessthefall,212.2,0.798,0.651,2007ø
2,Witness,blessthefall,60.4,0.798,0.651,2009ø